variant=distractor model=/data00/home/sitian/.ms_cache/Qwen/Qwen3-8B seq_len=8192 model_answered_correctly=False
classification=DISCRIMINATIVE
layer  gran    k/L |  cov_ph  cov_sh cov_bad  covmrg | mass_ph mass_bad  massmrg | disc
    0   256   3.1% |   0.000   0.000   0.000  +0.000 |  0.6776   0.6776  +0.0000 |   no
    0   256   6.2% |   0.000   0.000   0.000  +0.000 |  0.6776   0.7196  -0.0420 |   no
    0   256  12.5% |   0.000   0.000   0.000  +0.000 |  0.7328   0.7703  -0.0375 |   no
    0   256  25.0% |   0.000   0.000   0.250  -0.250 |  0.7989   0.8616  -0.0627 |   no
    0   256  50.0% |   0.250   0.000   0.500  -0.250 |  0.9044   0.9335  -0.0291 |   no
    0    64   2.3% |   0.000   0.000   0.000  +0.000 |  0.5732   0.6409  -0.0677 |   no
    0    64   4.7% |   0.000   0.000   0.000  +0.000 |  0.6501   0.6942  -0.0441 |   no
    0    64  10.9% |   0.000   0.000   0.000  +0.000 |  0.7156   0.7591  -0.0435 |   no
    0    64  25.0% |   0.000   0.000   0.250  -0.250 |  0.8063   0.8616  -0.0553 |   no
    0    64  50.0% |   0.375   0.000   0.375  +0.000 |  0.9116   0.9327  -0.0212 |   no
    0    32   2.0% |   0.000   0.000   0.000  +0.000 |  0.5614   0.6239  -0.0625 |   no
    0    32   5.1% |   0.000   0.000   0.125  -0.125 |  0.6369   0.7003  -0.0634 |   no
    0    32  10.9% |   0.000   0.000   0.000  +0.000 |  0.7106   0.7591  -0.0485 |   no
    0    32  25.0% |   0.000   0.000   0.125  -0.125 |  0.8055   0.8616  -0.0561 |   no
    0    32  50.0% |   0.125   0.000   0.125  +0.000 |  0.9100   0.9326  -0.0227 |   no
    7   256   3.1% |   0.000   0.000   0.000  +0.000 |  0.9399   0.9399  +0.0000 |   no
    7   256   6.2% |   0.000   0.000   0.000  +0.000 |  0.9399   0.9399  +0.0000 |   no
    7   256  12.5% |   0.375   0.000   0.250  +0.125 |  0.9510   0.9476  +0.0034 |   no
    7   256  25.0% |   0.625   1.000   0.125  +0.875 |  0.9619   0.9605  +0.0014 |  yes
    7   256  50.0% |   1.000   1.000   0.500  +0.500 |  0.9831   0.9739  +0.0092 |  yes
    7    64   2.3% |   0.375   0.000   0.000  +0.375 |  0.9391   0.9364  +0.0028 |   no
    7    64   4.7% |   0.625   1.000   0.000  +1.000 |  0.9455   0.9466  -0.0011 |  yes
    7    64  10.9% |   0.875   1.000   0.250  +0.750 |  0.9554   0.9468  +0.0087 |  yes
    7    64  25.0% |   1.000   1.000   0.500  +0.500 |  0.9718   0.9606  +0.0112 |  yes
    7    64  50.0% |   1.000   1.000   0.625  +0.375 |  0.9852   0.9735  +0.0118 |   no
    7    32   2.0% |   0.625   1.000   0.125  +0.875 |  0.9390   0.9358  +0.0032 |  yes
    7    32   5.1% |   0.875   1.000   0.125  +0.875 |  0.9478   0.9401  +0.0077 |  yes
    7    32  10.9% |   1.000   1.000   0.000  +1.000 |  0.9600   0.9464  +0.0136 |  yes
    7    32  25.0% |   1.000   1.000   0.375  +0.625 |  0.9715   0.9602  +0.0114 |  yes
    7    32  50.0% |   1.000   1.000   0.625  +0.375 |  0.9856   0.9731  +0.0125 |   no
   14   256   3.1% |   0.000   0.000   0.000  +0.000 |  0.8969   0.8969  +0.0000 |   no
   14   256   6.2% |   0.000   0.000   0.000  +0.000 |  0.8969   0.8969  +0.0000 |   no
   14   256  12.5% |   0.375   1.000   0.000  +1.000 |  0.9194   0.9023  +0.0171 |  yes
   14   256  25.0% |   0.750   1.000   0.500  +0.500 |  0.9599   0.9227  +0.0372 |  yes
   14   256  50.0% |   0.875   1.000   0.625  +0.375 |  0.9759   0.9715  +0.0044 |   no
   14    64   2.3% |   0.375   1.000   0.000  +1.000 |  0.8984   0.8941  +0.0044 |  yes
   14    64   4.7% |   0.625   1.000   0.125  +0.875 |  0.9217   0.9430  -0.0213 |  yes
   14    64  10.9% |   0.750   1.000   0.125  +0.875 |  0.9496   0.9011  +0.0485 |  yes
   14    64  25.0% |   1.000   1.000   0.625  +0.375 |  0.9663   0.9382  +0.0282 |   no
   14    64  50.0% |   1.000   1.000   0.625  +0.375 |  0.9820   0.9410  +0.0410 |   no
   14    32   2.0% |   0.625   1.000   0.125  +0.875 |  0.9086   0.8934  +0.0152 |  yes
   14    32   5.1% |   0.625   1.000   0.125  +0.875 |  0.9433   0.8963  +0.0471 |  yes
   14    32  10.9% |   1.000   1.000   0.125  +0.875 |  0.9532   0.9042  +0.0489 |  yes
   14    32  25.0% |   1.000   1.000   0.000  +1.000 |  0.9696   0.9218  +0.0479 |  yes
   14    32  50.0% |   1.000   1.000   0.625  +0.375 |  0.9839   0.9505  +0.0334 |   no
   21   256   3.1% |   0.000   0.000   0.000  +0.000 |  0.7070   0.7070  +0.0000 |   no
   21   256   6.2% |   0.000   0.000   0.000  +0.000 |  0.7070   0.7070  +0.0000 |   no
   21   256  12.5% |   0.000   0.000   0.000  +0.000 |  0.7942   0.7404  +0.0539 |   no
   21   256  25.0% |   0.125   0.000   0.375  -0.250 |  0.9172   0.7624  +0.1548 |   no
   21   256  50.0% |   0.625   1.000   0.250  +0.750 |  0.9769   0.8814  +0.0955 |  yes
   21    64   2.3% |   0.000   0.000   0.000  +0.000 |  0.7342   0.7053  +0.0289 |   no
   21    64   4.7% |   0.125   0.000   0.000  +0.125 |  0.8395   0.7669  +0.0725 |   no
   21    64  10.9% |   0.625   1.000   0.000  +1.000 |  0.9421   0.7508  +0.1913 |  yes
   21    64  25.0% |   0.875   1.000   0.125  +0.875 |  0.9796   0.7786  +0.2010 |  yes
   21    64  50.0% |   1.000   1.000   0.625  +0.375 |  0.9928   0.8695  +0.1233 |   no
   21    32   2.0% |   0.000   0.000   0.000  +0.000 |  0.8040   0.7063  +0.0976 |   no
   21    32   5.1% |   0.750   1.000   0.000  +1.000 |  0.9356   0.7367  +0.1989 |  yes
   21    32  10.9% |   0.750   1.000   0.250  +0.750 |  0.9701   0.7408  +0.2292 |  yes
   21    32  25.0% |   0.875   1.000   0.250  +0.750 |  0.9857   0.7615  +0.2242 |  yes
   21    32  50.0% |   1.000   1.000   0.250  +0.750 |  0.9952   0.8694  +0.1259 |  yes
   28   256   3.1% |   0.000   0.000   0.000  +0.000 |  0.7302   0.7302  +0.0000 |   no
   28   256   6.2% |   0.000   0.000   0.000  +0.000 |  0.7302   0.7302  +0.0000 |   no
   28   256  12.5% |   0.000   0.000   0.125  -0.125 |  0.8158   0.7641  +0.0518 |   no
   28   256  25.0% |   0.125   0.000   0.375  -0.250 |  0.9320   0.7822  +0.1498 |   no
   28   256  50.0% |   0.625   1.000   0.250  +0.750 |  0.9920   0.8893  +0.1027 |  yes
   28    64   2.3% |   0.125   0.000   0.000  +0.125 |  0.7745   0.7265  +0.0480 |   no
   28    64   4.7% |   0.500   0.000   0.000  +0.500 |  0.8699   0.7639  +0.1060 |  yes
   28    64  10.9% |   0.750   1.000   0.000  +1.000 |  0.9700   0.7749  +0.1951 |  yes
   28    64  25.0% |   0.875   1.000   0.250  +0.750 |  0.9880   0.7796  +0.2084 |  yes
   28    64  50.0% |   1.000   1.000   0.625  +0.375 |  0.9942   0.8869  +0.1073 |   no
   28    32   2.0% |   0.250   0.000   0.000  +0.250 |  0.8327   0.7295  +0.1032 |   no
   28    32   5.1% |   0.750   1.000   0.000  +1.000 |  0.9659   0.7591  +0.2068 |  yes
   28    32  10.9% |   0.875   1.000   0.250  +0.750 |  0.9813   0.7611  +0.2202 |  yes
   28    32  25.0% |   0.875   1.000   0.125  +0.875 |  0.9894   0.7887  +0.2008 |  yes
   28    32  50.0% |   1.000   1.000   0.375  +0.625 |  0.9947   0.8867  +0.1080 |  yes
   35   256   3.1% |   0.000   0.000   0.000  +0.000 |  0.9055   0.9055  +0.0000 |   no
   35   256   6.2% |   0.000   0.000   0.000  +0.000 |  0.9055   0.9055  +0.0000 |   no
   35   256  12.5% |   0.250   0.000   0.000  +0.250 |  0.9315   0.9130  +0.0185 |   no
   35   256  25.0% |   0.625   1.000   0.250  +0.750 |  0.9520   0.9214  +0.0306 |  yes
   35   256  50.0% |   0.875   1.000   0.375  +0.625 |  0.9753   0.9661  +0.0093 |  yes
   35    64   2.3% |   0.125   0.000   0.000  +0.125 |  0.9043   0.9000  +0.0042 |   no
   35    64   4.7% |   0.750   1.000   0.000  +1.000 |  0.9152   0.9257  -0.0105 |  yes
   35    64  10.9% |   0.750   1.000   0.000  +1.000 |  0.9388   0.9101  +0.0287 |  yes
   35    64  25.0% |   1.000   1.000   0.125  +0.875 |  0.9548   0.9360  +0.0189 |  yes
   35    64  50.0% |   1.000   1.000   0.375  +0.625 |  0.9746   0.9518  +0.0228 |  yes
   35    32   2.0% |   0.625   0.000   0.000  +0.625 |  0.9017   0.8995  +0.0022 |  yes
   35    32   5.1% |   0.750   1.000   0.000  +1.000 |  0.9306   0.9046  +0.0260 |  yes
   35    32  10.9% |   0.750   1.000   0.125  +0.875 |  0.9409   0.9098  +0.0310 |  yes
   35    32  25.0% |   1.000   1.000   0.375  +0.625 |  0.9559   0.9257  +0.0302 |  yes
   35    32  50.0% |   1.000   1.000   0.375  +0.625 |  0.9756   0.9441  +0.0315 |  yes

wrote /data00/home/sitian/tllm/selector-fidelity-runs/selector-fidelity-20260916-2248/fidelity-distractor-coverage.json
